start=1356.396708
volume=130.000000
brightness=-1.000000
sub-visibility=no
