start=1317.065750
speed=1.463000
volume=130.000000
sub-delay=-0.600000
